all_a: [280.0]
b: 5
c: 0
seed: 42
sigma_noise_derivative: 0.01
sigma_noise_function: 0.01
x_derivative: []
x_function: [70.0, 72.22222222222223, 74.44444444444444, 76.66666666666667, 78.88888888888889,
  81.11111111111111, 83.33333333333333, 85.55555555555556, 87.77777777777777, 90.0]
