a: -280
b: 0.99
c: 0.001
d: 1.0
e: 0.1
seed: 42
sigma_noise_Mat: 0.01
x_Mat_sensors: [300.0, 323.6842105263158, 347.36842105263156, 371.0526315789474, 394.7368421052632,
  418.42105263157896, 442.10526315789474, 465.7894736842105, 489.47368421052636, 513.1578947368421,
  536.8421052631579, 560.5263157894738, 584.2105263157895, 607.8947368421052, 631.578947368421,
  655.2631578947369, 678.9473684210527, 702.6315789473684, 726.3157894736842, 750.0]
